image: zmp.pgm
resolution: 0.025
origin: [-9.78039, -9.67792, 0.0]
negate: 0
occupied_thresh: 0.65
free_thresh: 0.196
